1 0.104746 0.421404 0.030195 0.019301
1 0.102736 0.473053 0.037988 0.034934
1 0.097979 0.530928 0.028637 0.019699
1 0.080109 0.596789 0.034133 0.024055
1 0.124113 0.703113 0.051133 0.049484
1 0.265963 0.735553 0.051684 0.051684
1 0.604314 0.970127 0.032988 0.024465
1 0.512771 0.906486 0.035738 0.024191
1 0.587957 0.844635 0.026664 0.022543
1 0.504660 0.855383 0.034914 0.023094
1 0.465350 0.635033 0.045910 0.041480
1 0.575584 0.588285 0.043160 0.040961
1 0.452568 0.574020 0.046184 0.037664
1 0.387828 0.538268 0.058555 0.056879
1 0.740176 0.575223 0.027695 0.034164
1 0.531889 0.414547 0.064324 0.070266
1 0.315318 0.304037 0.032988 0.030020
1 0.518857 0.322016 0.036285 0.034969
1 0.150627 0.388244 0.047027 0.036566
1 0.884898 0.421699 0.061594 0.059648
1 0.816594 0.271598 0.063500 0.062406
1 0.773709 0.294963 0.056902 0.065152
1 0.706494 0.294965 0.071473 0.067898
1 0.639418 0.257439 0.055531 0.056629
1 0.562033 0.227477 0.031613 0.034086
1 0.743193 0.153115 0.068449 0.071199
1 0.845320 0.070369 0.031891 0.025566
1 0.902639 0.103631 0.026668 0.032715
1 0.934664 0.092361 0.025289 0.028863
1 0.950195 0.061297 0.031063 0.029961
1 0.956244 0.027209 0.031613 0.027215
