1 0.364652 0.423223 0.056055 0.051305
1 0.267033 0.492584 0.032777 0.025637
1 0.312160 0.543883 0.044180 0.043703
1 0.411816 0.506408 0.025391 0.030926
1 0.357102 0.585098 0.048109 0.041617
1 0.688445 0.404053 0.041234 0.046512
1 0.823498 0.475031 0.026113 0.025289
1 0.478742 0.536582 0.025563 0.026664
1 0.548293 0.565861 0.024469 0.028590
1 0.592277 0.595000 0.042609 0.052781
1 0.626152 0.641506 0.024977 0.027043
1 0.663539 0.636463 0.025773 0.029113
1 0.745707 0.698508 0.024023 0.026250
1 0.817219 0.653727 0.028320 0.024172
1 0.837250 0.750812 0.024789 0.029031
1 0.881729 0.779832 0.023730 0.027445
1 0.926471 0.800977 0.033941 0.025719
1 0.924150 0.854271 0.042559 0.039770
1 0.871771 0.947299 0.054887 0.042293
1 0.631270 0.066457 0.014203 0.015117
