1 0.080510 0.099336 0.023996 0.028633
1 0.169732 0.154752 0.023465 0.028902
1 0.253119 0.210166 0.023199 0.028637
1 0.277979 0.236084 0.019355 0.022668
1 0.300184 0.229326 0.020281 0.022402
1 0.333260 0.240857 0.010605 0.013918
1 0.315098 0.261871 0.020148 0.021742
1 0.404451 0.281955 0.015113 0.019223
1 0.392654 0.301311 0.014848 0.018957
1 0.484672 0.332928 0.018297 0.017105
1 0.503963 0.347977 0.019223 0.021742
1 0.505684 0.371242 0.016836 0.020281
1 0.489643 0.377010 0.019488 0.022270
1 0.676191 0.208684 0.028406 0.024031
1 0.715480 0.304340 0.029555 0.023828
1 0.697268 0.331943 0.029324 0.024512
1 0.753104 0.521008 0.054629 0.054234
1 0.478045 0.669510 0.051465 0.042887
1 0.657996 0.937541 0.051789 0.043215
1 0.402832 0.783484 0.027711 0.024078
1 0.346586 0.748188 0.029359 0.024742
1 0.268898 0.699199 0.053437 0.043547
1 0.148615 0.300832 0.029207 0.023883
