1 0.892018 0.873137 0.039707 0.041805
1 0.975635 0.537488 0.026535 0.026727
1 0.377355 0.217760 0.029398 0.025582
1 0.369816 0.269266 0.040852 0.040852
1 0.353303 0.318807 0.052496 0.044098
1 0.337553 0.367486 0.048105 0.043715
1 0.229502 0.364910 0.024816 0.024820
1 0.241719 0.430676 0.024438 0.028828
1 0.198479 0.420080 0.044098 0.048871
1 0.171178 0.528156 0.023332 0.026781
1 0.254697 0.550162 0.023598 0.028902
1 0.283797 0.606971 0.026648 0.024262
1 0.269678 0.654295 0.045605 0.041488
1 0.258865 0.705531 0.026402 0.025203
1 0.179463 0.738084 0.024793 0.028238
1 0.230805 0.804982 0.031023 0.024340
1 0.103299 0.859789 0.027363 0.025453
1 0.339398 0.837166 0.044070 0.041840
1 0.352285 0.786740 0.041523 0.040895
1 0.365020 0.737977 0.051367 0.045500
1 0.529818 0.622104 0.045910 0.049207
1 0.534053 0.731520 0.026387 0.025461
1 0.637713 0.651803 0.046012 0.051543
1 0.687158 0.665166 0.044863 0.052309
1 0.734508 0.678051 0.043703 0.047914
1 0.782514 0.685113 0.024434 0.025008
1 0.807236 0.742094 0.052496 0.045828
1 0.797500 0.791926 0.046008 0.042766
1 0.636949 0.759854 0.033789 0.033598
1 0.687348 0.790400 0.042953 0.051926
1 0.592469 0.901887 0.020430 0.020234
1 0.760350 0.941959 0.044863 0.040855
1 0.880010 0.923918 0.051543 0.042383
