1 0.210238 0.134049 0.050781 0.057082
1 0.368977 0.211363 0.040664 0.049062
1 0.558354 0.186643 0.036465 0.044293
1 0.652660 0.115531 0.036844 0.044102
1 0.696473 0.076490 0.044289 0.048105
1 0.745537 0.042803 0.028637 0.032246
1 0.726027 0.272168 0.051227 0.055523
1 0.665178 0.336678 0.052020 0.044863
1 0.636711 0.394348 0.057094 0.048203
1 0.622707 0.533078 0.053453 0.053836
1 0.632930 0.609439 0.068516 0.061473
1 0.642275 0.686088 0.067770 0.061660
1 0.663980 0.779229 0.040320 0.031582
1 0.687004 0.954844 0.035508 0.031687
1 0.826576 0.878023 0.056316 0.054219
1 0.811035 0.752754 0.053836 0.053453
1 0.797291 0.629713 0.051543 0.054027
1 0.900895 0.519295 0.061281 0.068918
1 0.436842 0.963031 0.067809 0.055898
1 0.428021 0.892021 0.057043 0.054082
1 0.426648 0.819736 0.035508 0.033676
1 0.257010 0.805877 0.054066 0.054066
1 0.406029 0.710006 0.057043 0.054293
1 0.341676 0.430332 0.048383 0.045633
1 0.224842 0.330268 0.050582 0.053332
1 0.163400 0.305938 0.054707 0.062953
