1 0.255158 0.059787 0.028637 0.038754
1 0.421426 0.130439 0.042336 0.040137
1 0.236717 0.288547 0.027488 0.037227
1 0.190900 0.295898 0.025199 0.027109
1 0.248736 0.385789 0.025613 0.035320
1 0.237600 0.469627 0.031660 0.039137
1 0.306404 0.440355 0.028637 0.027047
1 0.314318 0.719668 0.033980 0.028633
1 0.272990 0.759949 0.029207 0.026727
1 0.512270 0.560607 0.029969 0.029973
1 0.457479 0.619213 0.029590 0.029973
1 0.508068 0.661119 0.029973 0.031309
1 0.700387 0.728584 0.032836 0.025582
1 0.745346 0.830908 0.027301 0.025965
1 0.769494 0.864414 0.028637 0.025391
1 0.810063 0.873004 0.030352 0.030352
1 0.841371 0.841789 0.028445 0.029398
1 0.852061 0.773350 0.029590 0.029973
1 0.833258 0.735553 0.029398 0.029973
1 0.819320 0.705676 0.030547 0.029398
1 0.804621 0.675893 0.030164 0.025582
1 0.787152 0.646971 0.031883 0.029207
1 0.768918 0.616332 0.029789 0.029398
