1 0.238820 0.370545 0.046961 0.052918
1 0.203428 0.320605 0.057730 0.048797
1 0.529713 0.061232 0.045816 0.051316
1 0.434529 0.116215 0.045590 0.050859
1 0.386191 0.143934 0.046047 0.051312
1 0.560334 0.181664 0.046293 0.055437
1 0.507996 0.213512 0.042836 0.050867
1 0.454053 0.242256 0.047637 0.054293
1 0.401932 0.273186 0.045129 0.046504
1 0.349584 0.303768 0.045816 0.047191
1 0.286355 0.338473 0.045359 0.047422
1 0.187850 0.400557 0.047191 0.052918
1 0.466455 0.414113 0.057730 0.051406
1 0.495045 0.463869 0.058832 0.047559
1 0.525559 0.514590 0.055531 0.048930
1 0.559646 0.576305 0.058832 0.054156
1 0.588238 0.626338 0.058836 0.044262
1 0.690637 0.487100 0.036562 0.028590
1 0.751391 0.448613 0.032164 0.029141
1 0.852830 0.597609 0.057457 0.051133
1 0.671258 0.633348 0.051133 0.061031
1 0.647617 0.721455 0.058828 0.049207
1 0.681703 0.783309 0.052234 0.048656
1 0.699572 0.857668 0.047285 0.048383
1 0.730494 0.911961 0.059113 0.049758
1 0.890904 0.824131 0.049480 0.054434
1 0.946156 0.795957 0.036297 0.044805
