1 0.148402 0.460416 0.027719 0.024973
1 0.034660 0.363742 0.041695 0.050172
1 0.204641 0.516771 0.040320 0.041004
1 0.250344 0.533037 0.041008 0.043754
1 0.295344 0.555371 0.039437 0.043070
1 0.339805 0.581029 0.043516 0.051316
1 0.898178 0.169033 0.044863 0.042316
1 0.933973 0.265600 0.048680 0.041363
1 0.949881 0.314598 0.048684 0.041680
1 0.931904 0.376563 0.055684 0.047250
1 0.913211 0.427469 0.027523 0.031977
1 0.826668 0.463025 0.044070 0.046770
1 0.805271 0.393187 0.028637 0.025773
1 0.782684 0.347846 0.025445 0.026090
1 0.721033 0.368131 0.025613 0.027199
1 0.730643 0.496176 0.042848 0.047648
1 0.628588 0.529279 0.044902 0.054754
1 0.579908 0.546576 0.045129 0.054980
1 0.567879 0.469717 0.045359 0.045590
1 0.485982 0.433979 0.046965 0.045129
1 0.480025 0.361475 0.045590 0.051316
1 0.292268 0.426396 0.024512 0.026574
1 0.217012 0.434301 0.044898 0.039172
1 0.388484 0.599586 0.043297 0.046273
1 0.452855 0.692480 0.048797 0.044672
1 0.426855 0.740475 0.055898 0.044441
1 0.403488 0.798088 0.032070 0.024973
1 0.355838 0.887662 0.053145 0.042840
1 0.335113 0.934172 0.046945 0.040563
1 0.252061 0.862576 0.020160 0.017410
1 0.269014 0.801295 0.027488 0.024512
1 0.303836 0.730508 0.027492 0.023594
1 0.323078 0.696375 0.031156 0.023594
1 0.211857 0.654680 0.025887 0.026805
1 0.173943 0.628793 0.026574 0.030469
1 0.032604 0.621578 0.032996 0.026117
1 0.040158 0.649869 0.027488 0.025887
1 0.051848 0.677352 0.025211 0.023578
1 0.067418 0.740365 0.027492 0.025418
1 0.523529 0.811666 0.030926 0.025441
1 0.544031 0.770666 0.045359 0.040090
1 0.566711 0.720840 0.043984 0.041234
1 0.664303 0.637910 0.043066 0.045359
1 0.718021 0.617523 0.024512 0.028867
1 0.761549 0.604693 0.043754 0.045816
1 0.826609 0.582357 0.042383 0.046504
1 0.876895 0.565291 0.044445 0.049941
1 0.690711 0.771273 0.025297 0.024344
