1 0.665607 0.200658 0.029910 0.024660
1 0.745422 0.294219 0.025961 0.028828
1 0.641512 0.353035 0.029016 0.023289
1 0.575936 0.379857 0.027684 0.023480
1 0.448316 0.431307 0.030547 0.023293
1 0.501100 0.409734 0.026918 0.023289
1 0.361932 0.465668 0.029207 0.023672
1 0.295967 0.491633 0.028652 0.024055
1 0.261707 0.526951 0.024625 0.028254
1 0.314816 0.664402 0.038375 0.038945
1 0.416377 0.638533 0.018520 0.026152
1 0.573709 0.574135 0.023199 0.027980
1 0.479393 0.784529 0.023199 0.023199
1 0.586742 0.741609 0.023313 0.022203
1 0.602152 0.715096 0.022758 0.027730
1 0.639992 0.719834 0.022867 0.022207
1 0.655791 0.691883 0.022207 0.023750
1 0.693684 0.698518 0.022867 0.022441
1 0.708207 0.672336 0.023430 0.027078
1 0.733953 0.654994 0.022977 0.027730
1 0.761738 0.650674 0.023750 0.027730
1 0.807223 0.602605 0.028391 0.022648
1 0.785568 0.547754 0.028395 0.022094
1 0.774244 0.521406 0.028285 0.022867
1 0.882334 0.521395 0.025613 0.023070
1 0.892832 0.548998 0.026570 0.022590
