1 0.176352 0.116963 0.026727 0.026410
1 0.206975 0.111936 0.020840 0.021480
1 0.394768 0.113584 0.033410 0.028637
1 0.426553 0.156545 0.030926 0.027855
1 0.564195 0.103275 0.032070 0.031309
1 0.452383 0.192180 0.032266 0.028828
1 0.505043 0.424605 0.028945 0.032367
1 0.484715 0.472939 0.036680 0.032035
1 0.461443 0.565396 0.036855 0.031949
1 0.460715 0.604703 0.035398 0.031820
1 0.485041 0.648650 0.051176 0.053691
1 0.467980 0.748664 0.035930 0.030492
1 0.560324 0.866279 0.056633 0.055043
1 0.408395 0.876463 0.051547 0.049316
1 0.340545 0.962369 0.052340 0.049957
