1 0.245598 0.772998 0.036836 0.045910
1 0.911715 0.529395 0.035281 0.043297
1 0.852719 0.546002 0.049266 0.057270
1 0.755479 0.581738 0.048105 0.056813
1 0.695115 0.586664 0.037340 0.046047
1 0.651588 0.616674 0.036426 0.040090
1 0.689732 0.709912 0.026574 0.038262
1 0.735549 0.683568 0.036652 0.039629
1 0.791217 0.663523 0.037113 0.043070
1 0.841971 0.652381 0.030238 0.039863
1 0.886975 0.625035 0.035277 0.036648
1 0.943100 0.605105 0.027488 0.041234
1 0.494521 0.688055 0.034910 0.038211
1 0.404904 0.717332 0.060199 0.065977
1 0.330541 0.749906 0.068176 0.064602
1 0.940029 0.319684 0.066254 0.077250
1 0.633514 0.444490 0.035465 0.037660
1 0.544719 0.464275 0.058555 0.061840
1 0.393105 0.521324 0.063789 0.072023
1 0.294832 0.565447 0.081094 0.077801
1 0.212773 0.592938 0.065977 0.070648
1 0.130029 0.623727 0.069824 0.079445
1 0.055668 0.638160 0.039313 0.046734
1 0.957187 0.505568 0.035508 0.040551
1 0.200514 0.794854 0.035738 0.047285
1 0.146076 0.818357 0.035746 0.045910
1 0.368457 0.927643 0.081813 0.081152
