1 0.705730 0.041316 0.042063 0.052781
1 0.829711 0.142344 0.054156 0.053609
1 0.900637 0.180006 0.040414 0.044262
1 0.110318 0.186770 0.034090 0.025016
1 0.258215 0.274600 0.054430 0.042887
1 0.367215 0.344426 0.029414 0.025289
1 0.487486 0.415213 0.054980 0.043160
1 0.612703 0.495209 0.028867 0.024465
1 0.695998 0.428547 0.043707 0.043984
1 0.719633 0.528609 0.042625 0.045633
1 0.781631 0.569572 0.056082 0.054980
1 0.874959 0.658639 0.053605 0.053879
1 0.131182 0.689717 0.053605 0.053301
1 0.293514 0.792949 0.040684 0.046445
1 0.349318 0.826766 0.042887 0.052516
1 0.788604 0.900398 0.046277 0.051312
1 0.089871 0.855662 0.057070 0.053770
