1 0.947602 0.699891 0.049812 0.057070
1 0.804412 0.701896 0.047191 0.041465
1 0.771195 0.652551 0.051086 0.045359
1 0.850934 0.599723 0.057844 0.047914
1 0.340795 0.065564 0.046184 0.036012
1 0.481410 0.089617 0.043711 0.050031
1 0.506564 0.149547 0.063777 0.052781
1 0.504082 0.212500 0.048398 0.061578
1 0.454193 0.242738 0.044809 0.058281
1 0.400449 0.272703 0.045086 0.051133
1 0.349455 0.303629 0.045910 0.051406
1 0.237840 0.372768 0.045367 0.053332
1 0.188363 0.403832 0.039312 0.043984
1 0.866551 0.321613 0.025391 0.032453
1 0.627232 0.434305 0.062996 0.052117
1 0.494076 0.465994 0.057082 0.045629
1 0.523953 0.516393 0.056891 0.049824
1 0.651668 0.572900 0.043906 0.046770
1 0.587143 0.627500 0.058035 0.042953
1 0.614920 0.674848 0.056699 0.044852
1 0.643363 0.724287 0.046391 0.044480
1 0.697727 0.859941 0.050859 0.044211
1 0.737816 0.912287 0.030695 0.027488
1 0.890043 0.825234 0.043297 0.051773
1 0.944680 0.797859 0.036195 0.042383
