1 0.269590 0.148104 0.052227 0.046277
1 0.372678 0.215568 0.048566 0.042379
1 0.365803 0.266541 0.052691 0.044902
1 0.288602 0.311785 0.044898 0.048797
1 0.343582 0.368484 0.027945 0.025656
1 0.215072 0.538895 0.024020 0.026727
1 0.254271 0.547533 0.024660 0.028316
1 0.282668 0.605600 0.028953 0.024496
1 0.266998 0.651012 0.051707 0.046945
1 0.259760 0.704711 0.027996 0.024820
1 0.228738 0.802072 0.052180 0.045816
1 0.114984 0.752598 0.050281 0.054727
1 0.339459 0.837398 0.044902 0.043297
1 0.352402 0.786543 0.050172 0.045586
1 0.364543 0.736602 0.051086 0.043758
1 0.387109 0.636377 0.042609 0.040777
1 0.485043 0.606367 0.026805 0.028867
1 0.533035 0.617479 0.024281 0.024512
1 0.575990 0.635920 0.025426 0.031613
1 0.507768 0.823332 0.051543 0.043297
1 0.637086 0.758730 0.033445 0.033219
1 0.612689 0.854137 0.040551 0.041711
1 0.687600 0.661369 0.042379 0.041465
1 0.781182 0.688518 0.024738 0.027949
1 0.781869 0.840629 0.053145 0.041695
1 0.770072 0.890105 0.052918 0.042164
1 0.757012 0.940625 0.052461 0.043758
1 0.861590 0.970064 0.024742 0.023824
1 0.950363 0.899963 0.041922 0.045816
1 0.902023 0.821271 0.027719 0.026348
1 0.918518 0.773164 0.045129 0.040547
1 0.975789 0.537893 0.027719 0.025887
