1 0.615969 0.046359 0.051133 0.043875
1 0.745111 0.045205 0.039598 0.043543
1 0.553127 0.183590 0.036285 0.037937
1 0.316434 0.182600 0.051133 0.051793
1 0.258869 0.164457 0.031668 0.039914
1 0.340330 0.431459 0.052230 0.045590
1 0.369768 0.490678 0.058418 0.049480
1 0.387406 0.563984 0.063453 0.058188
1 0.399432 0.640844 0.067809 0.060250
1 0.231063 0.578990 0.056344 0.053379
1 0.424967 0.892906 0.066637 0.058062
1 0.435521 0.961852 0.053441 0.054102
1 0.270086 0.904623 0.040578 0.033309
1 0.676146 0.874988 0.036418 0.033648
1 0.810879 0.752436 0.052781 0.052504
1 0.633568 0.753398 0.038488 0.031891
1 0.628896 0.609891 0.062129 0.058844
1 0.694943 0.452115 0.052449 0.046512
1 0.636553 0.397850 0.064988 0.055418
1 0.722818 0.269525 0.053441 0.060035
