1 0.914646 0.805025 0.035957 0.044863
1 0.040217 0.169861 0.068176 0.066527
1 0.150316 0.253293 0.080547 0.071750
1 0.135334 0.342775 0.085770 0.073121
1 0.243783 0.495352 0.067348 0.057187
1 0.288180 0.437066 0.060477 0.057180
1 0.313609 0.363805 0.061852 0.057453
1 0.346871 0.290406 0.065703 0.062953
1 0.389207 0.228691 0.064602 0.058281
1 0.448441 0.163408 0.057742 0.059121
1 0.677111 0.254943 0.062402 0.069824
1 0.581584 0.280371 0.068176 0.055805
1 0.541174 0.363941 0.070926 0.058555
1 0.489902 0.430334 0.064602 0.054980
1 0.441246 0.490812 0.060750 0.046188
1 0.360838 0.591562 0.069824 0.056328
1 0.372240 0.706885 0.068465 0.070379
1 0.492652 0.714582 0.067352 0.069273
1 0.581584 0.639533 0.056629 0.061027
1 0.654297 0.597887 0.069000 0.067352
1 0.775941 0.523799 0.075875 0.063777
1 0.831059 0.450949 0.039859 0.042336
1 0.688514 0.442840 0.040699 0.043711
1 0.916141 0.367654 0.056078 0.059379
1 0.719520 0.739875 0.040906 0.043875
1 0.765373 0.740699 0.040246 0.045523
1 0.812877 0.745482 0.040902 0.046512
1 0.808258 0.868201 0.042883 0.045863
1 0.900131 0.870178 0.039254 0.040574
1 0.798197 0.969797 0.039254 0.036625
1 0.753826 0.969797 0.040246 0.042563
1 0.704840 0.965684 0.039914 0.046836
1 0.602246 0.964689 0.036617 0.041566
1 0.481660 0.856488 0.055430 0.060039
1 0.362750 0.856818 0.058391 0.060699
1 0.312279 0.830426 0.035957 0.042227
