1 0.133236 0.047510 0.028637 0.027262
1 0.172977 0.071680 0.023375 0.026117
1 0.205168 0.079695 0.026805 0.026578
1 0.233461 0.088293 0.027031 0.029086
1 0.199143 0.245059 0.026574 0.029336
1 0.144508 0.244709 0.027719 0.030012
1 0.166385 0.370936 0.027488 0.032301
1 0.220906 0.509990 0.021992 0.028176
1 0.183107 0.526943 0.024285 0.027262
1 0.069596 0.578143 0.024973 0.028863
1 0.098461 0.694518 0.042383 0.044441
1 0.144740 0.669662 0.025418 0.027262
1 0.191582 0.657178 0.024742 0.031152
1 0.238662 0.637133 0.025887 0.034594
1 0.037502 0.851924 0.027262 0.030238
1 0.068885 0.838295 0.024512 0.025887
1 0.096719 0.826266 0.024281 0.029320
1 0.134633 0.819967 0.020391 0.027262
1 0.127416 0.903926 0.015121 0.020617
1 0.147234 0.895680 0.014437 0.020617
1 0.206564 0.868990 0.014434 0.021762
1 0.225350 0.860285 0.015348 0.022680
1 0.181023 0.961656 0.021992 0.024742
1 0.210346 0.974828 0.017871 0.023594
1 0.507768 0.894721 0.027379 0.026059
1 0.529703 0.928203 0.032328 0.027711
1 0.559225 0.960203 0.026730 0.023750
1 0.703059 0.926061 0.041898 0.047176
1 0.593207 0.720213 0.025398 0.034637
1 0.618443 0.768045 0.026395 0.024082
1 0.652092 0.804828 0.043543 0.039586
1 0.686729 0.849361 0.043543 0.036949
1 0.802518 0.809281 0.034309 0.028039
1 0.707512 0.686070 0.042883 0.038266
1 0.686895 0.644174 0.026719 0.023090
1 0.706525 0.487514 0.025395 0.028371
1 0.749570 0.362156 0.026391 0.031008
1 0.777941 0.377166 0.025070 0.030020
1 0.913756 0.255934 0.026059 0.029359
1 0.855027 0.127283 0.027398 0.031988
1 0.893137 0.139980 0.027711 0.029031
1 0.935197 0.148557 0.026723 0.028371
1 0.904684 0.033924 0.026391 0.030020
1 0.932723 0.040686 0.026391 0.029027
1 0.961586 0.048107 0.026062 0.030020
