1 0.341318 0.060312 0.072574 0.064055
1 0.263795 0.215496 0.078074 0.065977
1 0.037000 0.173848 0.069273 0.069000
1 0.125658 0.168211 0.065152 0.076422
1 0.244416 0.499195 0.059105 0.053328
1 0.282627 0.438305 0.064051 0.058555
1 0.315340 0.366143 0.059102 0.058277
1 0.347092 0.295080 0.064324 0.055254
1 0.387639 0.229377 0.064051 0.059652
1 0.440971 0.161889 0.060207 0.056629
1 0.626986 0.216314 0.059379 0.058059
1 0.849328 0.270252 0.079172 0.072246
1 0.686367 0.444760 0.039586 0.043215
1 0.489262 0.433709 0.070266 0.063340
1 0.441758 0.497869 0.066305 0.061684
1 0.415861 0.553457 0.041566 0.034969
1 0.370172 0.707348 0.064328 0.068945
1 0.487775 0.716750 0.066637 0.064656
1 0.547320 0.695471 0.037938 0.038598
1 0.581297 0.640217 0.055750 0.058059
1 0.505920 0.578041 0.059379 0.062332
1 0.902598 0.614814 0.065664 0.069277
1 0.719217 0.737268 0.041566 0.038004
1 0.812441 0.744393 0.032461 0.033254
1 0.804334 0.864371 0.040246 0.040906
1 0.897533 0.870145 0.038582 0.039258
1 0.538754 0.887826 0.034086 0.035738
1 0.479100 0.854701 0.053332 0.059652
1 0.419992 0.855250 0.039594 0.040414
1 0.307965 0.834770 0.031633 0.040133
