1 0.412387 0.123623 0.062117 0.050035
1 0.356025 0.158262 0.022543 0.017594
1 0.139623 0.193877 0.029590 0.035699
1 0.242139 0.224613 0.052496 0.058609
1 0.197754 0.236354 0.034742 0.046199
1 0.279652 0.232154 0.018711 0.025199
1 0.306092 0.248381 0.025012 0.018324
1 0.350955 0.267758 0.032262 0.043719
1 0.406318 0.291717 0.047918 0.051543
1 0.452229 0.271480 0.022527 0.023672
1 0.496797 0.298113 0.024609 0.019281
1 0.490889 0.322070 0.026535 0.020617
1 0.477430 0.347270 0.023289 0.018328
1 0.491154 0.422773 0.020043 0.025578
1 0.511391 0.451695 0.020047 0.019664
1 0.581549 0.476035 0.029020 0.030930
1 0.627080 0.368842 0.030355 0.036082
1 0.671941 0.388600 0.027297 0.030168
1 0.708777 0.407793 0.037242 0.029961
1 0.707449 0.444154 0.034555 0.028637
1 0.687404 0.479377 0.033793 0.027684
1 0.674801 0.515172 0.036477 0.026344
1 0.917104 0.164557 0.054434 0.052230
1 0.790666 0.550812 0.024285 0.020617
1 0.810986 0.519154 0.021074 0.023598
1 0.837902 0.491549 0.029094 0.037113
1 0.876506 0.501057 0.029324 0.033676
1 0.904908 0.526484 0.032082 0.026805
1 0.917055 0.566346 0.029781 0.029551
1 0.938814 0.597730 0.032988 0.030469
1 0.938701 0.636559 0.035051 0.031156
1 0.955654 0.691654 0.032301 0.028176
1 0.905141 0.703568 0.029781 0.032762
1 0.866766 0.692113 0.030016 0.032305
1 0.878795 0.745375 0.028863 0.028406
1 0.731723 0.756945 0.027945 0.026805
1 0.767805 0.776531 0.030469 0.031156
1 0.802738 0.797840 0.028867 0.032992
1 0.824502 0.876986 0.020160 0.030926
1 0.793004 0.904590 0.026344 0.033906
1 0.755777 0.896115 0.026117 0.031613
1 0.725537 0.871717 0.031613 0.039629
1 0.695000 0.981266 0.024742 0.031844
1 0.426518 0.929561 0.052121 0.050137
1 0.036330 0.655227 0.033980 0.029359
1 0.100988 0.613330 0.046516 0.046512
1 0.156572 0.644504 0.046184 0.046844
1 0.055299 0.466201 0.052121 0.057730
1 0.110225 0.491604 0.047176 0.053770
1 0.215959 0.547023 0.051449 0.060367
1 0.267084 0.576879 0.047504 0.052781
1 0.315906 0.582156 0.029687 0.029687
1 0.341465 0.554941 0.030664 0.030680
