1 0.428256 0.166770 0.022137 0.026727
1 0.454979 0.178225 0.022145 0.024816
1 0.488770 0.199797 0.039328 0.037797
1 0.583727 0.011725 0.031500 0.022113
1 0.876115 0.036752 0.044262 0.040137
1 0.331203 0.300799 0.045633 0.046184
1 0.376836 0.315369 0.023641 0.026941
1 0.422064 0.342996 0.037098 0.037109
1 0.251307 0.409330 0.042379 0.048340
1 0.300102 0.428916 0.038719 0.038488
1 0.840350 0.422156 0.023543 0.023703
1 0.828656 0.448404 0.026250 0.023387
1 0.816566 0.474814 0.027203 0.023387
1 0.806465 0.500832 0.025773 0.023852
1 0.783158 0.553084 0.026566 0.023066
1 0.761920 0.605424 0.026090 0.023066
1 0.771305 0.675105 0.023227 0.026883
1 0.739090 0.657844 0.027523 0.021953
1 0.728750 0.684650 0.025930 0.022434
1 0.693117 0.770447 0.025453 0.023465
1 0.668994 0.824072 0.025176 0.022270
