1 0.735475 0.155334 0.042191 0.038184
1 0.383652 0.161008 0.037937 0.039586
1 0.440008 0.179977 0.051133 0.051133
1 0.488805 0.200320 0.039313 0.045633
1 0.328123 0.300934 0.042332 0.043984
1 0.372932 0.318666 0.039035 0.042059
1 0.344795 0.450748 0.040777 0.048105
1 0.789406 0.307066 0.022680 0.023367
1 0.881797 0.352150 0.043984 0.050168
1 0.827275 0.448480 0.029324 0.023828
1 0.816965 0.474252 0.027492 0.023598
1 0.806656 0.500822 0.027031 0.023590
1 0.750211 0.631891 0.027766 0.023094
1 0.718473 0.711186 0.023547 0.023387
1 0.701688 0.745469 0.027203 0.023547
1 0.689279 0.771320 0.022434 0.022750
