1 0.208365 0.711537 0.059707 0.055090
1 0.885781 0.033594 0.075547 0.065977
1 0.571045 0.200719 0.039980 0.034836
1 0.623895 0.251189 0.039586 0.032066
1 0.183221 0.128240 0.075598 0.063504
1 0.302008 0.221104 0.055258 0.058551
1 0.377605 0.220004 0.068453 0.075047
1 0.428047 0.264537 0.064297 0.053605
1 0.511891 0.383004 0.059711 0.048492
1 0.164645 0.263883 0.065289 0.058648
1 0.170428 0.358064 0.068285 0.065316
1 0.286053 0.461814 0.078512 0.066309
1 0.258836 0.543461 0.068945 0.061359
1 0.162346 0.565068 0.069934 0.061691
1 0.299082 0.613230 0.064328 0.054430
1 0.347414 0.676072 0.073891 0.058715
1 0.249105 0.781143 0.069273 0.059707
1 0.300236 0.844316 0.060699 0.054102
1 0.343947 0.911117 0.059051 0.049812
1 0.415947 0.483918 0.061754 0.055023
1 0.455736 0.546066 0.070848 0.058984
1 0.501256 0.604457 0.056605 0.055422
1 0.616629 0.810469 0.038266 0.035625
1 0.645010 0.848900 0.036270 0.033980
1 0.821150 0.925223 0.087090 0.083133
1 0.931928 0.905117 0.037371 0.043711
