1 0.074910 0.101025 0.029961 0.034363
1 0.131951 0.225035 0.036012 0.029414
1 0.386926 0.265170 0.017594 0.026668
1 0.413174 0.245240 0.023926 0.029691
1 0.925531 0.047744 0.036617 0.031340
1 0.946975 0.081229 0.035301 0.028371
1 0.923553 0.142256 0.033980 0.031012
1 0.897656 0.175904 0.036945 0.029691
1 0.885453 0.204604 0.026391 0.023090
1 0.854111 0.227367 0.031668 0.026391
1 0.919592 0.295486 0.027387 0.026059
1 0.863184 0.317920 0.033977 0.039918
1 0.814535 0.282293 0.025711 0.035297
1 0.781705 0.284270 0.030676 0.035297
1 0.748879 0.292189 0.026391 0.034637
1 0.716176 0.288453 0.027680 0.034555
1 0.683625 0.293510 0.029781 0.033980
1 0.650402 0.295037 0.026742 0.031309
1 0.943055 0.431162 0.029320 0.026801
1 0.979592 0.484311 0.025887 0.023137
1 0.905484 0.544674 0.031156 0.027949
1 0.915334 0.579951 0.036652 0.025199
1 0.917855 0.621646 0.038945 0.028863
1 0.911898 0.662996 0.026117 0.023141
1 0.884164 0.802553 0.024742 0.022762
1 0.970631 0.805080 0.018137 0.025965
1 0.957557 0.833430 0.028254 0.024625
1 0.917369 0.892035 0.021957 0.022719
1 0.821057 0.881920 0.027871 0.032645
1 0.904291 0.920100 0.033980 0.027684
1 0.951541 0.955988 0.026918 0.025008
1 0.759588 0.916371 0.019855 0.027117
1 0.727133 0.923059 0.020234 0.028633
1 0.640176 0.926973 0.019281 0.026156
