1 0.280014 0.396295 0.027488 0.029207
1 0.232756 0.482002 0.027699 0.028848
1 0.498037 0.179268 0.026387 0.035957
1 0.677164 0.205330 0.038266 0.030676
1 0.228193 0.372719 0.025371 0.021383
1 0.234197 0.579850 0.025582 0.021379
1 0.228184 0.637025 0.036844 0.030355
1 0.229322 0.711670 0.037238 0.028824
1 0.283260 0.773619 0.019473 0.025582
1 0.230760 0.817621 0.037418 0.028828
1 0.325832 0.833467 0.030164 0.038371
1 0.383867 0.893602 0.045055 0.039133
1 0.388354 0.723734 0.039324 0.033406
1 0.388354 0.679254 0.039707 0.033406
1 0.382244 0.574639 0.040855 0.033027
1 0.385107 0.536076 0.038184 0.027301
1 0.384248 0.357771 0.037605 0.029590
1 0.468021 0.345277 0.035051 0.029555
1 0.466189 0.411369 0.039176 0.031613
1 0.469404 0.526256 0.044199 0.031840
1 0.468822 0.630260 0.039402 0.032762
1 0.469047 0.744688 0.038953 0.032531
1 0.471916 0.816623 0.035051 0.027949
1 0.472604 0.852473 0.037801 0.029094
1 0.621625 0.859461 0.037570 0.029320
1 0.621510 0.824410 0.038715 0.028406
1 0.621738 0.752020 0.036883 0.028406
1 0.618072 0.520070 0.037801 0.028180
1 0.617730 0.555922 0.031156 0.029320
1 0.612459 0.590742 0.038027 0.028867
1 0.616928 0.448137 0.039629 0.027719
1 0.619104 0.412973 0.037113 0.027031
1 0.621625 0.347797 0.037570 0.028633
1 0.762934 0.347697 0.036570 0.026941
1 0.708512 0.381371 0.037102 0.027766
1 0.711529 0.416422 0.038215 0.028039
1 0.712355 0.592635 0.028312 0.028590
1 0.710156 0.643904 0.029414 0.028863
1 0.706986 0.716205 0.038504 0.028863
1 0.704107 0.751391 0.037113 0.027766
1 0.709469 0.822865 0.039586 0.028316
1 0.710156 0.895992 0.034914 0.025016
1 0.871857 0.895320 0.031309 0.029398
1 0.863930 0.861053 0.030750 0.029973
1 0.852393 0.793186 0.029004 0.029020
1 0.860498 0.760828 0.032645 0.028828
1 0.864102 0.728520 0.032164 0.029961
1 0.860391 0.694980 0.030789 0.030516
1 0.859291 0.661580 0.031887 0.029691
1 0.859154 0.546945 0.032715 0.024742
1 0.862861 0.352865 0.031348 0.022543
1 0.950832 0.380766 0.030789 0.023367
1 0.951006 0.477219 0.031309 0.022719
1 0.951484 0.539367 0.031117 0.023687
1 0.948234 0.761658 0.033031 0.029574
