1 0.699535 0.040928 0.053344 0.057246
1 0.757104 0.101428 0.055301 0.057246
1 0.824437 0.143061 0.054648 0.054645
1 0.894371 0.180467 0.053992 0.053996
1 0.799393 0.203887 0.053996 0.043586
1 0.833318 0.340623 0.024395 0.029816
1 0.857262 0.486996 0.052406 0.051500
1 0.711037 0.531480 0.051199 0.051953
1 0.610920 0.492549 0.053129 0.044457
1 0.488672 0.418549 0.052586 0.043910
1 0.226625 0.664404 0.055945 0.052691
1 0.347299 0.823787 0.053996 0.053996
1 0.435121 0.971783 0.052695 0.052043
1 0.641018 0.933402 0.052043 0.050742
1 0.085293 0.855404 0.054648 0.054645
