1 0.188340 0.294758 0.026562 0.028187
1 0.245186 0.380582 0.028457 0.026203
1 0.420252 0.128771 0.041785 0.038777
1 0.301494 0.512432 0.029363 0.030871
1 0.267424 0.557230 0.034262 0.027859
1 0.332176 0.608996 0.032000 0.032000
1 0.426775 0.600209 0.032980 0.027559
1 0.492498 0.609018 0.023512 0.032527
1 0.596396 0.548793 0.029199 0.028977
1 0.616986 0.575842 0.026355 0.025098
1 0.663748 0.668400 0.035691 0.027105
1 0.745293 0.829908 0.034336 0.026652
1 0.770141 0.861756 0.026203 0.027105
1 0.853039 0.807545 0.028461 0.030723
1 0.818703 0.704770 0.032977 0.030266
1 0.786629 0.644910 0.028461 0.028914
1 0.408432 0.927902 0.034637 0.030492
1 0.073682 0.216150 0.039035 0.026020
