1 0.896361 0.699936 0.060082 0.053762
1 0.280100 0.358586 0.040980 0.036430
1 0.287254 0.397619 0.039680 0.035129
1 0.211791 0.329311 0.037082 0.037730
1 0.258689 0.279434 0.040660 0.037648
1 0.291639 0.218807 0.036863 0.047707
1 0.366738 0.200959 0.033883 0.035012
1 0.420008 0.198699 0.033508 0.045555
1 0.452570 0.228816 0.033883 0.034258
1 0.462738 0.267404 0.045930 0.033129
1 0.476102 0.304111 0.040281 0.035012
1 0.584166 0.299699 0.039652 0.035078
1 0.587869 0.261137 0.033988 0.030281
1 0.584273 0.211682 0.042047 0.035074
1 0.702248 0.179383 0.035512 0.036164
1 0.740482 0.179711 0.030066 0.030719
1 0.775875 0.281129 0.033430 0.036141
1 0.780809 0.360609 0.032320 0.033883
1 0.929115 0.638270 0.037043 0.037047
1 0.831986 0.699709 0.031621 0.037949
1 0.787035 0.721393 0.036594 0.040660
1 0.735533 0.706033 0.032074 0.031621
1 0.915234 0.840410 0.038875 0.046984
1 0.848836 0.840412 0.062344 0.058730
1 0.778814 0.841088 0.068668 0.074543
1 0.706531 0.839281 0.062344 0.059180
1 0.635377 0.845379 0.068215 0.074992
1 0.563750 0.852830 0.067766 0.075434
1 0.492168 0.862096 0.065508 0.065957
1 0.420100 0.870002 0.063270 0.065504
1 0.355273 0.880844 0.051977 0.055570
1 0.290004 0.874971 0.039758 0.034785
