1 0.397738 0.156998 0.017867 0.023965
1 0.371191 0.153816 0.019172 0.028977
1 0.345049 0.161770 0.020043 0.030938
1 0.317053 0.168523 0.018082 0.023531
1 0.205445 0.176400 0.017516 0.024051
1 0.183219 0.176271 0.017531 0.022746
1 0.142834 0.171303 0.017777 0.024316
1 0.121787 0.175225 0.016473 0.020652
1 0.074074 0.169342 0.021961 0.017254
1 0.064086 0.225328 0.022484 0.016469
1 0.120428 0.229643 0.022746 0.016207
1 0.152977 0.236570 0.020914 0.015945
1 0.175199 0.291211 0.021961 0.022742
1 0.160297 0.331080 0.028234 0.019871
1 0.153893 0.353041 0.028496 0.019871
1 0.136504 0.374871 0.028758 0.019609
1 0.142387 0.403500 0.025359 0.021961
1 0.136768 0.454217 0.027715 0.019871
1 0.070230 0.476047 0.024836 0.017516
1 0.101734 0.514609 0.022484 0.016734
1 0.161182 0.526637 0.029410 0.018953
1 0.181334 0.570320 0.023527 0.019609
1 0.197020 0.592541 0.023969 0.020043
1 0.233402 0.629252 0.023531 0.021566
1 0.327045 0.660373 0.022996 0.027449
1 0.355002 0.666621 0.020918 0.025359
1 0.382846 0.732896 0.022746 0.016730
1 0.386768 0.755770 0.030590 0.020648
1 0.400885 0.824793 0.030066 0.032680
1 0.298270 0.819039 0.028758 0.032680
1 0.141578 0.975727 0.052406 0.048547
1 0.077607 0.584826 0.028988 0.019199
1 0.091350 0.610803 0.024848 0.016941
1 0.106408 0.633391 0.024848 0.019953
1 0.126549 0.654096 0.023715 0.018449
1 0.906428 0.964016 0.033066 0.029789
1 0.985063 0.953160 0.029875 0.026570
1 0.926584 0.932992 0.037270 0.028625
1 0.889314 0.884609 0.034262 0.025977
1 0.907949 0.844516 0.036141 0.027859
1 0.844703 0.842445 0.025602 0.029742
1 0.841502 0.773363 0.026730 0.033883
1 0.765275 0.793689 0.028598 0.036895
1 0.733080 0.784656 0.028988 0.035391
1 0.653270 0.777881 0.028234 0.030871
1 0.686549 0.685891 0.029363 0.036141
1 0.716854 0.676102 0.027480 0.032375
1 0.753371 0.676664 0.029742 0.032000
1 0.785184 0.677607 0.028609 0.032379
1 0.826406 0.665371 0.044047 0.047812
1 0.858029 0.637512 0.025223 0.032000
1 0.871959 0.607395 0.028988 0.025977
1 0.899818 0.541512 0.029738 0.025977
1 0.933512 0.465090 0.035391 0.026727
1 0.925586 0.354031 0.036141 0.028609
1 0.916934 0.323727 0.027852 0.028234
1 0.904881 0.291537 0.035387 0.027855
1 0.891705 0.263303 0.028613 0.029363
1 0.868930 0.240525 0.025977 0.028988
1 0.816787 0.192148 0.024848 0.029367
1 0.781775 0.183113 0.028613 0.032375
1 0.742996 0.181607 0.027867 0.036895
1 0.710623 0.181420 0.028988 0.030496
1 0.678811 0.171443 0.027105 0.030871
1 0.652084 0.148291 0.027105 0.031246
1 0.940287 0.161434 0.032996 0.025750
1 0.203197 0.040945 0.030270 0.020781
