1 0.187525 0.269002 0.028496 0.019871
1 0.159029 0.308879 0.023270 0.023805
1 0.098127 0.342584 0.023527 0.026926
1 0.153686 0.353564 0.029012 0.019605
1 0.140881 0.403498 0.021684 0.022223
1 0.133160 0.428467 0.029281 0.018824
1 0.137211 0.453826 0.030586 0.019871
1 0.423434 0.149947 0.021461 0.030496
1 0.333268 0.122088 0.029363 0.021457
1 0.300141 0.095172 0.021836 0.030117
1 0.218820 0.099500 0.018070 0.025227
1 0.159527 0.135451 0.025977 0.018824
1 0.344281 0.160107 0.020391 0.028863
1 0.317299 0.165600 0.021020 0.029176
1 0.290633 0.172973 0.021648 0.030117
1 0.268047 0.182854 0.019766 0.030434
1 0.204912 0.178547 0.018301 0.028766
1 0.182689 0.175670 0.016730 0.023527
1 0.163080 0.174230 0.017777 0.024312
1 0.121904 0.175146 0.016473 0.019348
1 0.110270 0.191879 0.022484 0.015688
1 0.106873 0.211486 0.024574 0.017254
1 0.151840 0.237369 0.021437 0.016207
1 0.193922 0.241812 0.023547 0.015164
1 0.150545 0.475133 0.024840 0.020133
1 0.076830 0.585018 0.029488 0.019137
1 0.126398 0.654508 0.021336 0.017570
1 0.147422 0.675369 0.021328 0.017254
1 0.215279 0.612250 0.023840 0.019766
1 0.257943 0.639857 0.020707 0.025410
1 0.276293 0.661660 0.020398 0.021961
1 0.300609 0.664641 0.021961 0.027297
1 0.327277 0.661348 0.021961 0.026352
1 0.354256 0.666523 0.021332 0.026039
1 0.384217 0.673582 0.018512 0.023219
1 0.391119 0.708088 0.029176 0.020699
1 0.385785 0.755621 0.029805 0.019766
1 0.400531 0.799855 0.029805 0.033570
1 0.214713 0.821984 0.049746 0.050656
1 0.139875 0.976092 0.052586 0.047816
1 0.922010 0.991822 0.026676 0.016355
1 0.908006 0.963990 0.038426 0.029363
1 0.925398 0.932594 0.036117 0.028914
1 0.945051 0.879963 0.032953 0.028465
1 0.888580 0.884480 0.033004 0.027555
1 0.886309 0.808359 0.025750 0.036141
1 0.824441 0.817168 0.025750 0.032977
1 0.798238 0.793676 0.028461 0.035687
1 0.764559 0.793225 0.028914 0.037496
1 0.732723 0.784637 0.028438 0.036586
1 0.693193 0.778992 0.029793 0.036141
1 0.652998 0.777412 0.029816 0.036590
1 0.647848 0.682350 0.028609 0.031246
1 0.685494 0.684984 0.029363 0.032000
1 0.715988 0.676328 0.027859 0.032000
1 0.752324 0.678020 0.029727 0.036141
1 0.789775 0.676330 0.027105 0.035004
1 0.823471 0.655057 0.025223 0.034637
1 0.857541 0.637551 0.026355 0.031250
1 0.872977 0.608939 0.033883 0.030496
1 0.889354 0.577314 0.035012 0.030496
1 0.899330 0.541174 0.030871 0.026730
1 0.931328 0.463246 0.032375 0.028234
1 0.928496 0.431246 0.032773 0.029742
1 0.928504 0.393600 0.046305 0.041035
1 0.925307 0.353691 0.030871 0.028234
1 0.913258 0.323574 0.032375 0.028234
1 0.904789 0.291387 0.036141 0.027859
1 0.956553 0.263904 0.027480 0.031621
1 0.868082 0.240562 0.025227 0.030117
1 0.841729 0.214963 0.026355 0.027105
1 0.817258 0.191057 0.026352 0.031246
1 0.783564 0.179199 0.041035 0.044422
1 0.709965 0.181646 0.029367 0.031246
1 0.678340 0.171668 0.026352 0.031625
