1 0.279252 0.538746 0.027559 0.026656
1 0.337982 0.637230 0.024848 0.027555
1 0.527271 0.693701 0.024848 0.024848
1 0.387779 0.091842 0.025098 0.025098
1 0.391387 0.119764 0.026664 0.025723
1 0.374445 0.143293 0.026664 0.024469
1 0.379465 0.171686 0.027297 0.024785
1 0.497896 0.187371 0.040785 0.041727
1 0.532910 0.100453 0.026664 0.025883
1 0.572295 0.229068 0.024051 0.027191
1 0.351127 0.273338 0.024184 0.024184
1 0.391604 0.367678 0.019574 0.021082
1 0.450520 0.373514 0.047812 0.043293
1 0.519979 0.434313 0.041410 0.044422
1 0.604684 0.397230 0.042164 0.045555
1 0.424713 0.475727 0.047059 0.042164
1 0.309891 0.419256 0.027484 0.024848
1 0.680871 0.628195 0.035688 0.039305
1 0.601586 0.547330 0.027109 0.024848
1 0.508096 0.764557 0.035098 0.039684
1 0.352959 0.756424 0.042285 0.046840
1 0.272883 0.733908 0.025297 0.024848
1 0.222805 0.774543 0.045180 0.041109
1 0.206766 0.825141 0.049242 0.042016
1 0.198861 0.875061 0.048793 0.045176
1 0.183727 0.924078 0.051953 0.042016
1 0.296668 0.974676 0.052859 0.050148
1 0.060531 0.942600 0.052406 0.045629
1 0.033426 0.843891 0.041563 0.041563
1 0.111355 0.741791 0.051953 0.045176
1 0.086055 0.688029 0.021234 0.027105
