1 0.220760 0.264102 0.068848 0.062344
1 0.128182 0.638879 0.037043 0.037047
1 0.097010 0.699867 0.061441 0.053305
1 0.032184 0.699867 0.032977 0.037945
1 0.254992 0.682814 0.041562 0.035238
1 0.265836 0.821730 0.030719 0.029367
1 0.115398 0.840252 0.040656 0.047434
1 0.049672 0.840254 0.062781 0.060086
1 0.436127 0.857916 0.076801 0.066863
1 0.428223 0.772309 0.078156 0.067312
1 0.422801 0.683762 0.078156 0.084477
1 0.407893 0.594990 0.068215 0.064152
1 0.383451 0.235207 0.061441 0.062344
1 0.374869 0.161793 0.064152 0.062797
1 0.640098 0.151109 0.070023 0.061891
1 0.649361 0.223393 0.076801 0.068215
1 0.654104 0.296354 0.079965 0.068668
1 0.663816 0.367053 0.061437 0.061895
1 0.676918 0.567637 0.069570 0.065508
1 0.683016 0.640379 0.078156 0.066430
1 0.688891 0.711070 0.061891 0.061437
1 0.692279 0.784031 0.068668 0.061891
1 0.701764 0.856086 0.068668 0.062344
1 0.859234 0.830793 0.065883 0.064750
1 0.857541 0.743639 0.076801 0.067387
1 0.852270 0.656674 0.077555 0.083199
1 0.845117 0.569709 0.076797 0.083199
1 0.816424 0.314332 0.076348 0.067766
1 0.813486 0.227594 0.076801 0.083125
1 0.799477 0.140855 0.069562 0.064148
