1 0.146727 0.122400 0.033883 0.030270
1 0.144242 0.154928 0.030719 0.030270
1 0.145373 0.191746 0.029363 0.031625
1 0.126852 0.229016 0.028461 0.028461
1 0.223303 0.260865 0.024395 0.031621
1 0.414623 0.251830 0.029363 0.035238
1 0.335799 0.379906 0.029801 0.032977
1 0.152375 0.326371 0.060539 0.065055
1 0.006531 0.782980 0.011672 0.031250
1 0.639014 0.930424 0.029816 0.030270
1 0.715814 0.968148 0.037043 0.028914
1 0.989131 0.934490 0.021684 0.026652
1 0.894035 0.870113 0.025750 0.028008
1 0.941922 0.869436 0.025750 0.019426
1 0.885904 0.808449 0.027559 0.023039
1 0.969254 0.806867 0.026203 0.037047
1 0.978064 0.488148 0.026652 0.023945
1 0.824920 0.453807 0.024840 0.021215
1 0.802328 0.433484 0.025750 0.023945
1 0.739758 0.412928 0.018977 0.027105
1 0.684295 0.295904 0.028863 0.032316
1 0.747777 0.292000 0.030430 0.032000
1 0.781973 0.287135 0.029805 0.037332
1 0.857895 0.231764 0.032313 0.025723
1 0.919543 0.301566 0.034508 0.026039
1 0.944326 0.276469 0.025723 0.033570
1 0.985654 0.217803 0.028691 0.029801
1 0.884092 0.206822 0.029488 0.025410
1 0.923777 0.147686 0.033570 0.029488
1 0.921582 0.106900 0.030430 0.028238
1 0.947150 0.081332 0.036395 0.027297
