1 0.364816 0.383113 0.028008 0.025297
1 0.365064 0.450629 0.040207 0.028461
1 0.373648 0.488578 0.037500 0.028461
1 0.293008 0.494676 0.028008 0.036141
1 0.268389 0.524268 0.026652 0.030270
1 0.269744 0.557922 0.032074 0.028914
1 0.275164 0.589998 0.036594 0.028012
1 0.513338 0.591268 0.028191 0.027105
1 0.618238 0.576088 0.027648 0.028191
1 0.679498 0.698877 0.029816 0.029816
1 0.728287 0.798355 0.029816 0.029273
1 0.769219 0.864494 0.029273 0.032527
1 0.808250 0.848773 0.031445 0.029273
1 0.852162 0.773691 0.029277 0.031984
1 0.822182 0.704543 0.034152 0.030898
1 0.788029 0.645912 0.029816 0.029816
