1 0.163402 0.760896 0.034695 0.031988
1 0.152289 0.693402 0.027648 0.029273
1 0.160963 0.660604 0.034152 0.029816
1 0.014320 0.280852 0.026023 0.028187
1 0.016488 0.316902 0.029273 0.027648
1 0.013240 0.492820 0.026012 0.028188
1 0.012701 0.543777 0.023840 0.029273
1 0.013506 0.615875 0.025480 0.029266
1 0.011881 0.651117 0.022230 0.028188
1 0.015676 0.723762 0.028734 0.029273
1 0.014592 0.795863 0.026566 0.026023
1 0.169367 0.912148 0.019516 0.027648
1 0.171262 0.795320 0.031984 0.029273
1 0.063383 0.247939 0.035781 0.027637
1 0.162047 0.628078 0.028734 0.030898
1 0.159066 0.595010 0.029273 0.029816
1 0.158523 0.562482 0.032523 0.030902
1 0.158523 0.447010 0.033609 0.024395
1 0.163131 0.253205 0.030902 0.022770
1 0.251131 0.281352 0.031621 0.023492
1 0.250678 0.376676 0.031621 0.023492
1 0.251357 0.439926 0.032074 0.025305
1 0.248420 0.661738 0.032527 0.030719
1 0.348711 0.743281 0.025297 0.031172
1 0.385316 0.939361 0.027648 0.019520
1 0.402541 0.667010 0.022965 0.017316
1 0.402916 0.603480 0.022965 0.016562
1 0.405551 0.450635 0.023719 0.018824
1 0.397266 0.351057 0.022969 0.017691
1 0.397834 0.327340 0.025598 0.018445
1 0.395764 0.303811 0.032754 0.021082
1 0.348516 0.276328 0.024094 0.019578
1 0.426633 0.249223 0.017695 0.024094
1 0.485551 0.268422 0.024094 0.017320
1 0.482590 0.315324 0.028461 0.020781
1 0.482818 0.357344 0.022590 0.018984
1 0.536352 0.388512 0.030266 0.034336
1 0.488531 0.520061 0.030430 0.020082
1 0.482867 0.549771 0.027297 0.019137
1 0.489928 0.580516 0.029488 0.019766
1 0.485535 0.678396 0.032625 0.024785
1 0.497770 0.737848 0.032000 0.029492
1 0.658537 0.574010 0.045176 0.039168
1 0.589080 0.552355 0.020707 0.030492
1 0.662492 0.319885 0.035766 0.029363
1 0.657785 0.273580 0.049695 0.045176
1 0.639527 0.167613 0.023719 0.018430
1 0.866596 0.272244 0.013074 0.012027
1 0.746205 0.319434 0.035293 0.027977
1 0.833596 0.479283 0.033129 0.039152
1 0.879338 0.472883 0.029738 0.034633
1 0.749811 0.725955 0.030902 0.029816
1 0.756047 0.770412 0.036859 0.029816
