1 0.156799 0.643746 0.044863 0.045492
1 0.097189 0.611432 0.051137 0.056785
1 0.043389 0.586336 0.048941 0.059922
1 0.262115 0.938443 0.033129 0.027480
1 0.239830 0.985785 0.033879 0.026727
1 0.404779 0.290178 0.047707 0.054754
1 0.352738 0.263342 0.049875 0.056379
1 0.300693 0.203709 0.020598 0.026020
1 0.239162 0.222141 0.050418 0.056383
1 0.197148 0.235422 0.035781 0.047164
1 0.178988 0.266865 0.033070 0.025480
1 0.175463 0.308879 0.054754 0.050961
1 0.230754 0.332461 0.034164 0.042828
1 0.355990 0.395076 0.033613 0.037949
1 0.408846 0.498621 0.029816 0.033609
1 0.343793 0.555271 0.027648 0.029816
1 0.316143 0.585359 0.029816 0.033609
1 0.214225 0.544973 0.050418 0.062344
1 0.161100 0.520848 0.049332 0.059633
1 0.108242 0.492656 0.049875 0.058547
1 0.055656 0.466906 0.050961 0.048250
1 0.088709 0.979918 0.059848 0.039031
1 0.368443 0.978941 0.052043 0.040984
1 0.558441 0.972779 0.033883 0.029816
1 0.840072 0.966928 0.030902 0.044996
1 0.688090 0.854006 0.040117 0.047707
1 0.762889 0.893580 0.020574 0.028191
1 0.792719 0.900627 0.022766 0.028191
1 0.823049 0.880299 0.028191 0.029816
1 0.954242 0.875961 0.029273 0.038492
1 0.839326 0.850209 0.034668 0.028191
1 0.827414 0.815514 0.040117 0.031441
1 0.801379 0.796811 0.028164 0.034152
1 0.766156 0.776482 0.029273 0.030355
1 0.732273 0.756152 0.028734 0.031984
1 0.774287 0.684051 0.031441 0.036320
1 0.804361 0.669686 0.027676 0.031441
1 0.869139 0.689473 0.031480 0.036320
1 0.904924 0.702754 0.030387 0.034695
1 0.986348 0.683238 0.027305 0.032523
1 0.938264 0.635262 0.034129 0.031984
1 0.938250 0.596771 0.033070 0.030902
1 0.876057 0.499939 0.029816 0.035691
1 0.809871 0.517105 0.030266 0.032977
1 0.789770 0.550529 0.026203 0.022152
1 0.666436 0.550086 0.035238 0.031172
1 0.674342 0.513945 0.035691 0.028461
1 0.687443 0.478707 0.032074 0.028461
1 0.752496 0.453859 0.028461 0.034789
1 0.797223 0.391064 0.027555 0.020332
1 0.708676 0.407102 0.033883 0.030719
1 0.670502 0.387676 0.028012 0.034336
1 0.628037 0.376154 0.049691 0.058277
1 0.580781 0.475363 0.028008 0.035687
1 0.541479 0.469266 0.029816 0.036141
1 0.492012 0.421379 0.021234 0.026203
1 0.491520 0.323197 0.025977 0.018824
