1 0.206953 0.932477 0.077156 0.070398
1 0.035408 0.169096 0.068848 0.066137
1 0.034324 0.386482 0.066680 0.067223
1 0.036492 0.478102 0.071016 0.070477
1 0.032428 0.572699 0.060715 0.066680
1 0.034053 0.657541 0.067223 0.066137
1 0.039475 0.735336 0.072645 0.071016
1 0.246279 0.731631 0.067754 0.065504
1 0.240262 0.575207 0.076797 0.069648
1 0.242822 0.376355 0.077551 0.071531
1 0.244439 0.265785 0.067387 0.068141
1 0.409445 0.170492 0.068758 0.066406
1 0.417682 0.264217 0.078434 0.086535
1 0.416191 0.373061 0.079367 0.087824
1 0.413590 0.466088 0.067656 0.068309
1 0.419119 0.570174 0.081316 0.070910
1 0.418795 0.655754 0.068957 0.067656
1 0.416344 0.735119 0.069953 0.068957
1 0.415162 0.813047 0.068848 0.069391
1 0.781523 0.825434 0.065594 0.069391
1 0.782229 0.728369 0.068309 0.066137
1 0.781687 0.647865 0.069391 0.064512
1 0.874391 0.608291 0.067219 0.068848
1 0.781145 0.569801 0.070477 0.065594
1 0.627184 0.578475 0.049875 0.039574
1 0.769137 0.386754 0.060719 0.065594
1 0.768865 0.294865 0.077520 0.086738
1 0.615717 0.313570 0.061801 0.066680
