1 0.919471 0.469451 0.021699 0.024848
1 0.891758 0.549709 0.026406 0.022223
1 0.703670 0.604768 0.026980 0.022902
1 0.653471 0.542648 0.024465 0.028547
1 0.600453 0.565080 0.023844 0.028863
1 0.495422 0.607316 0.018039 0.027711
1 0.468754 0.617381 0.018039 0.028496
1 0.442479 0.628623 0.017777 0.027449
1 0.259994 0.706270 0.039738 0.041047
1 0.373945 0.812910 0.043672 0.049695
1 0.479119 0.785314 0.024473 0.023215
1 0.409395 0.721707 0.032625 0.023531
1 0.914373 0.604740 0.027715 0.023527
1 0.533158 0.763748 0.024785 0.022902
1 0.774891 0.522256 0.027594 0.022902
1 0.785236 0.548924 0.028863 0.022277
1 0.795590 0.575748 0.028234 0.023215
1 0.806568 0.603041 0.028863 0.023215
1 0.746648 0.677863 0.023844 0.021648
1 0.903785 0.577289 0.027453 0.023008
1 0.925092 0.631799 0.027191 0.023793
1 0.859080 0.466309 0.026926 0.022742
