1 0.485115 0.733557 0.068309 0.059848
1 0.334191 0.893590 0.040984 0.058547
1 0.287025 0.904973 0.037730 0.040984
1 0.175459 0.849678 0.040980 0.039684
1 0.180979 0.947910 0.049457 0.057898
1 0.419410 0.966961 0.077414 0.066078
1 0.137402 0.962223 0.029922 0.043586
1 0.211736 0.161162 0.059184 0.074543
1 0.380467 0.317021 0.066871 0.079059
1 0.457496 0.289471 0.070930 0.078168
1 0.542428 0.260324 0.064605 0.073188
1 0.623295 0.225990 0.060988 0.068668
1 0.708902 0.197756 0.065055 0.073637
1 0.784807 0.167262 0.068652 0.077703
1 0.850758 0.137895 0.059633 0.066859
1 0.975959 0.150682 0.044426 0.035012
1 0.952055 0.206398 0.046305 0.034258
1 0.862453 0.378635 0.066633 0.060988
1 0.965580 0.434350 0.068840 0.063246
1 0.752361 0.391809 0.034785 0.039305
1 0.808607 0.492102 0.037949 0.041109
1 0.730225 0.524627 0.034785 0.040207
1 0.659299 0.548797 0.036590 0.046078
1 0.618641 0.564609 0.036594 0.039758
1 0.579336 0.580646 0.036594 0.040207
1 0.538678 0.595781 0.035691 0.039758
1 0.636867 0.413291 0.036141 0.040660
1 0.575654 0.436557 0.035691 0.040207
