1 0.953533 0.029766 0.031621 0.024844
1 0.947658 0.064777 0.029816 0.023492
1 0.841949 0.073355 0.033430 0.030711
1 0.739576 0.156283 0.069121 0.069121
1 0.666393 0.119463 0.055566 0.050598
1 0.577371 0.224355 0.054211 0.050445
1 0.313400 0.306877 0.033441 0.030270
1 0.528965 0.417006 0.063945 0.066137
1 0.553348 0.479891 0.063969 0.054211
1 0.578557 0.591297 0.040660 0.031984
1 0.747967 0.769924 0.057465 0.053129
1 0.586416 0.846090 0.032527 0.022227
1 0.588855 0.871570 0.031984 0.022227
1 0.591025 0.898404 0.024395 0.020598
1 0.598611 0.948822 0.031988 0.022770
1 0.597801 0.973486 0.023852 0.020059
1 0.886643 0.568568 0.054645 0.056207
1 0.786328 0.488941 0.028883 0.029664
1 0.824191 0.452250 0.053086 0.062453
1 0.881568 0.424539 0.060113 0.058547
1 0.881568 0.323055 0.035129 0.030445
1 0.101311 0.425318 0.035129 0.024980
1 0.250805 0.677467 0.045281 0.037473
1 0.120051 0.706352 0.058539 0.053086
1 0.275006 0.801201 0.056207 0.049184
1 0.461189 0.639217 0.050738 0.045277
1 0.469387 0.700107 0.049961 0.046840
1 0.474070 0.755143 0.051523 0.044496
