1 0.508309 0.346941 0.038383 0.037078
1 0.151139 0.241016 0.064621 0.081500
1 0.083684 0.265840 0.068383 0.080563
1 0.275186 0.249166 0.035129 0.035129
1 0.222816 0.361189 0.043586 0.035129
1 0.197447 0.415834 0.044887 0.035129
1 0.159717 0.478285 0.067004 0.061148
1 0.136295 0.534881 0.044887 0.035129
1 0.066363 0.607416 0.036430 0.044887
1 0.025705 0.622055 0.034480 0.042938
1 0.296316 0.468529 0.074945 0.065574
1 0.311930 0.402559 0.032789 0.035117
1 0.407559 0.387730 0.060109 0.064797
1 0.365018 0.292881 0.042145 0.034348
1 0.394680 0.241357 0.060891 0.056207
1 0.413805 0.180469 0.041375 0.034352
1 0.446982 0.131287 0.043715 0.035910
1 0.501236 0.099281 0.047621 0.040594
1 0.554320 0.135971 0.036688 0.037473
1 0.576387 0.216639 0.045539 0.035129
1 0.483588 0.401588 0.039684 0.037082
1 0.478057 0.478025 0.071559 0.061152
1 0.638090 0.419811 0.074164 0.064387
1 0.770912 0.295379 0.056207 0.053086
1 0.837258 0.325443 0.045297 0.057004
1 0.896453 0.338316 0.033609 0.038492
1 0.902145 0.199658 0.049445 0.056598
1 0.771061 0.135906 0.031879 0.029273
1 0.420906 0.709064 0.036430 0.040332
