1 0.623387 0.295699 0.034195 0.036078
1 0.950178 0.444652 0.067223 0.075352
1 0.629514 0.467203 0.047707 0.056922
1 0.798971 0.578801 0.076457 0.083484
1 0.921770 0.595605 0.063969 0.060719
1 0.696816 0.637186 0.034695 0.036863
1 0.634475 0.628240 0.060715 0.064512
1 0.458828 0.640168 0.080234 0.073187
1 0.438500 0.717418 0.075352 0.066141
1 0.388625 0.750758 0.038492 0.048250
1 0.274779 0.780576 0.075355 0.064512
1 0.308393 0.647484 0.044996 0.034695
1 0.332244 0.581348 0.069934 0.060719
1 0.375887 0.515750 0.044453 0.034695
1 0.353389 0.437145 0.035238 0.041203
1 0.210541 0.479701 0.042285 0.035238
1 0.162832 0.591648 0.045539 0.034695
1 0.139521 0.651279 0.071559 0.061801
1 0.208371 0.684621 0.059633 0.065594
1 0.073465 0.548305 0.037945 0.030898
1 0.062633 0.832279 0.065055 0.060535
