1 0.429621 0.131006 0.036594 0.038402
1 0.708219 0.223828 0.072211 0.074812
1 0.620721 0.260582 0.065051 0.054648
1 0.468959 0.328400 0.056199 0.056988
1 0.429145 0.266730 0.064016 0.056984
1 0.377621 0.222232 0.067133 0.077285
1 0.303461 0.224186 0.070258 0.073379
1 0.227736 0.223795 0.068699 0.078848
1 0.164895 0.266338 0.074164 0.065574
1 0.171141 0.363141 0.078844 0.070258
1 0.297994 0.368604 0.067137 0.074941
1 0.374498 0.429885 0.073379 0.063230
1 0.417441 0.488816 0.062461 0.054664
1 0.460369 0.549326 0.062449 0.055426
1 0.500963 0.609826 0.064012 0.054645
1 0.392531 0.747453 0.060891 0.057766
1 0.345693 0.683049 0.064012 0.055426
1 0.300416 0.615133 0.076504 0.060109
1 0.162631 0.652604 0.064793 0.055426
1 0.212203 0.714275 0.059328 0.056988
1 0.255527 0.782973 0.055430 0.049180
1 0.302756 0.845809 0.056207 0.048414
1 0.342180 0.917635 0.063234 0.054645
1 0.618529 0.812910 0.036691 0.033570
1 0.646633 0.850383 0.036687 0.032008
1 0.819547 0.922592 0.070258 0.088996
1 0.890977 0.943670 0.039813 0.043715
1 0.933129 0.911662 0.039813 0.053082
