1 0.208596 0.334256 0.060535 0.051051
1 0.732082 0.055061 0.030359 0.029816
1 0.766236 0.076744 0.029277 0.030902
1 0.801746 0.098430 0.028727 0.038492
1 0.828309 0.115506 0.038492 0.031441
1 0.838881 0.150744 0.036863 0.027105
1 0.955164 0.175410 0.027648 0.038492
1 0.839422 0.267029 0.031445 0.044996
1 0.823701 0.180830 0.028191 0.029816
1 0.792801 0.200891 0.023852 0.027648
1 0.762443 0.194385 0.021684 0.027645
1 0.688172 0.154268 0.041203 0.048246
1 0.729223 0.603047 0.026727 0.030867
1 0.896994 0.895188 0.029816 0.036141
1 0.760900 0.938760 0.039754 0.044723
1 0.557943 0.272768 0.034512 0.029176
1 0.551355 0.308531 0.033883 0.028547
1 0.516846 0.331746 0.027605 0.026039
1 0.492531 0.355434 0.027922 0.028234
1 0.481236 0.387592 0.029176 0.031059
1 0.501158 0.409709 0.024473 0.026980
1 0.367646 0.281795 0.052043 0.046637
1 0.341082 0.336283 0.059633 0.049332
1 0.313705 0.389141 0.059090 0.049875
1 0.283887 0.450400 0.061258 0.052043
1 0.204197 0.476691 0.030902 0.031984
1 0.171127 0.447687 0.036324 0.030359
1 0.240445 0.285916 0.033883 0.027559
1 0.261453 0.238707 0.035234 0.028008
1 0.088867 0.287725 0.058750 0.055566
