1 0.008318 0.766512 0.016566 0.030117
1 0.181176 0.571500 0.023039 0.015813
1 0.189576 0.589344 0.018973 0.018977
1 0.178961 0.631133 0.026656 0.023039
1 0.126154 0.657898 0.021082 0.017695
1 0.390613 0.713352 0.028008 0.021234
1 0.382480 0.736164 0.024398 0.017172
1 0.369605 0.824262 0.029367 0.038852
1 0.256889 0.828553 0.029816 0.032980
1 0.216232 0.828777 0.029816 0.033430
1 0.137398 0.819969 0.026656 0.029367
1 0.142818 0.875535 0.045629 0.038398
1 0.144402 0.923873 0.051500 0.050145
1 0.143949 0.976730 0.059633 0.046531
1 0.890602 0.888998 0.033883 0.027105
1 0.963109 0.835916 0.034336 0.025754
1 0.946395 0.813328 0.031625 0.025750
1 0.803863 0.800227 0.027555 0.036594
1 0.694084 0.778994 0.040207 0.045629
1 0.652748 0.783738 0.028910 0.033430
1 0.121449 0.714369 0.025977 0.019949
1 0.720062 0.734496 0.036141 0.028008
1 0.686404 0.690449 0.029363 0.033883
1 0.864625 0.689318 0.038852 0.028012
1 0.979949 0.632750 0.035391 0.028609
1 0.890537 0.580420 0.035012 0.030871
1 0.928348 0.434523 0.033430 0.029367
1 0.904365 0.295811 0.027871 0.028613
1 0.844721 0.216205 0.026730 0.029738
1 0.814791 0.195311 0.027105 0.033129
1 0.744018 0.183453 0.033129 0.038023
1 0.710699 0.187781 0.030492 0.027859
1 0.150283 0.067475 0.018434 0.024395
1 0.219945 0.099730 0.022227 0.030359
1 0.248406 0.102441 0.019516 0.030359
1 0.083604 0.042537 0.036863 0.030902
1 0.276055 0.097562 0.020602 0.030359
1 0.301533 0.097020 0.017348 0.023852
1 0.357643 0.159092 0.020059 0.030902
1 0.334602 0.166953 0.019516 0.030359
1 0.289607 0.177525 0.020598 0.030902
1 0.268736 0.186195 0.020059 0.030891
1 0.226863 0.209900 0.016930 0.024473
1 0.205580 0.179783 0.017332 0.025223
1 0.184318 0.180533 0.018449 0.022965
1 0.161920 0.180533 0.018824 0.022965
1 0.111096 0.198229 0.021082 0.017691
1 0.111473 0.218182 0.026352 0.017691
1 0.124648 0.233053 0.023344 0.016566
1 0.074201 0.236818 0.019574 0.029363
1 0.195613 0.244348 0.023719 0.015813
1 0.186199 0.272205 0.025977 0.019574
1 0.163434 0.336771 0.022570 0.016941
1 0.152318 0.356723 0.022965 0.016187
1 0.137447 0.374793 0.019574 0.019203
1 0.098672 0.397570 0.019578 0.031625
1 0.067613 0.420910 0.030492 0.019578
1 0.133307 0.434275 0.024848 0.017691
1 0.139141 0.453100 0.023719 0.016941
1 0.148559 0.495451 0.024461 0.016566
1 0.156648 0.515029 0.024094 0.017316
1 0.008695 0.531217 0.015813 0.024848
1 0.069119 0.541193 0.023715 0.018449
1 0.080033 0.587500 0.027488 0.016188
1 0.092830 0.614605 0.022223 0.016187
1 0.107330 0.636441 0.021082 0.016188
