1 0.709043 0.345363 0.038492 0.028734
1 0.709855 0.381143 0.039031 0.028730
1 0.710939 0.416381 0.033613 0.029816
1 0.497455 0.206771 0.029816 0.028730
1 0.781523 0.283656 0.032523 0.023945
1 0.217279 0.343980 0.035012 0.029742
1 0.226318 0.373154 0.025215 0.021082
1 0.283160 0.464260 0.027484 0.024848
1 0.283725 0.531461 0.022590 0.025977
1 0.235348 0.579838 0.023719 0.023340
1 0.226428 0.674840 0.036895 0.027484
1 0.230568 0.711357 0.030871 0.028988
1 0.233393 0.747123 0.037270 0.028988
1 0.234521 0.782510 0.037270 0.029738
1 0.233203 0.818840 0.039156 0.027859
1 0.226426 0.863074 0.038398 0.032750
1 0.384762 0.854145 0.040656 0.033430
1 0.388602 0.769891 0.039305 0.033883
1 0.388377 0.724037 0.029816 0.029816
1 0.384084 0.679086 0.037496 0.029367
1 0.385439 0.635941 0.036590 0.028914
1 0.382504 0.496121 0.037047 0.028461
1 0.382955 0.459754 0.040660 0.033430
1 0.387924 0.423840 0.039754 0.032078
1 0.382730 0.357654 0.036594 0.029816
1 0.514689 0.389145 0.029363 0.028914
1 0.464994 0.410828 0.040207 0.033430
1 0.468609 0.527383 0.037500 0.028008
1 0.467705 0.570754 0.044723 0.034336
1 0.468162 0.744908 0.039293 0.034785
1 0.471318 0.817189 0.037496 0.030270
1 0.471998 0.853107 0.032527 0.029816
1 0.471318 0.889021 0.037496 0.029363
1 0.621531 0.859430 0.038852 0.028914
1 0.622660 0.788051 0.039305 0.028914
1 0.621305 0.753039 0.038398 0.028461
1 0.623564 0.717352 0.039301 0.028461
1 0.619725 0.589953 0.037949 0.030266
1 0.618820 0.555844 0.031625 0.030719
1 0.621305 0.380109 0.038398 0.028914
1 0.947299 0.761709 0.029285 0.029816
1 0.710398 0.526432 0.040117 0.029816
1 0.712566 0.562211 0.036867 0.028734
1 0.714195 0.592840 0.031438 0.029273
1 0.709855 0.644883 0.030359 0.029273
1 0.707146 0.680936 0.031441 0.029816
1 0.707416 0.715900 0.038488 0.028191
1 0.702809 0.751951 0.037945 0.028730
1 0.708771 0.824594 0.039035 0.027648
1 0.709043 0.860104 0.038492 0.029277
1 0.810148 0.866609 0.024938 0.035781
1 0.861920 0.793965 0.030902 0.030359
1 0.859480 0.546762 0.032523 0.024938
1 0.856500 0.515316 0.033070 0.024938
1 0.859199 0.416924 0.033086 0.025480
1 0.944049 0.350514 0.032527 0.026020
1 0.955436 0.412857 0.032527 0.027105
1 0.950557 0.477641 0.032527 0.024398
1 0.950826 0.538900 0.034152 0.024395
1 0.954621 0.570342 0.030898 0.024395
1 0.947846 0.628078 0.033613 0.030359
1 0.948658 0.795863 0.029816 0.026562
1 0.936461 0.892631 0.024938 0.027105
