0 0.722113 0.515597 0.018725 0.035556
0 0.667750 0.521523 0.019450 0.028477
0 0.462550 0.535144 0.019450 0.027243
0 0.589637 0.513210 0.020175 0.035556
0 0.637875 0.451584 0.018700 0.028436
0 0.762075 0.418416 0.016550 0.030823
0 0.609437 0.383436 0.019425 0.034362
0 0.435925 0.247737 0.018000 0.035556
0 0.825113 0.113889 0.035275 0.037901
0 0.898187 0.177305 0.017275 0.046214
0 0.878388 0.093148 0.030975 0.043827
0 0.589213 0.063683 0.028075 0.039136
0 0.527288 0.102202 0.028075 0.033210
0 0.397325 0.089774 0.023050 0.034362
0 0.975200 0.568333 0.025200 0.039136
0 0.132650 0.175103 0.014400 0.032016
0 0.165413 0.054794 0.016575 0.030823
0 0.008788 0.330926 0.017325 0.035597
0 0.068212 0.300720 0.022325 0.031975
0 0.275213 0.197016 0.020175 0.030823
0 0.194562 0.335679 0.017275 0.037942
0 0.259375 0.413909 0.020150 0.030782
0 0.182325 0.466049 0.014400 0.033169
0 0.108887 0.560267 0.017275 0.034362
0 0.130850 0.642654 0.018000 0.033210
0 0.412737 0.601749 0.017275 0.036749
0 0.376375 0.659835 0.016550 0.027243
0 0.359813 0.744568 0.020875 0.026091
0 0.445138 0.706049 0.017275 0.029630
0 0.428200 0.791379 0.018000 0.034362
0 0.523975 0.897469 0.018000 0.033210
0 0.458450 0.911687 0.012250 0.033169
0 0.413088 0.906955 0.019425 0.033169
0 0.036887 0.890947 0.011525 0.024856
0 0.098800 0.917016 0.014400 0.024897
0 0.081525 0.978663 0.020150 0.024897
0 0.240300 0.946646 0.018000 0.031975
0 0.299325 0.855391 0.012250 0.036708
0 0.280975 0.937160 0.023050 0.032016
0 0.809950 0.968333 0.027350 0.042675
0 0.587113 0.887160 0.022325 0.029630
0 0.865750 0.931584 0.016550 0.028436
0 0.603675 0.781687 0.022300 0.053333
0 0.779713 0.880041 0.020175 0.032016
0 0.668837 0.920350 0.023025 0.036749
0 0.807438 0.773374 0.022325 0.029630
0 0.708775 0.677984 0.029500 0.047407
0 0.755962 0.603313 0.025925 0.028436
0 0.968363 0.364486 0.018725 0.036708
0 0.008000 0.131255 0.016000 0.024897
0 0.035100 0.034053 0.018000 0.039136
0 0.109975 0.067243 0.018000 0.034403
0 0.083687 0.186358 0.024475 0.026049
0 0.240650 0.025761 0.015850 0.032016
0 0.253612 0.111687 0.015825 0.035556
0 0.122937 0.275226 0.015125 0.035556
0 0.221575 0.214198 0.018000 0.032016
0 0.266925 0.323251 0.023750 0.032016
0 0.303650 0.396728 0.016550 0.036749
0 0.205012 0.531852 0.012225 0.029630
0 0.146325 0.540144 0.020150 0.036749
0 0.231650 0.646214 0.019450 0.033169
0 0.323087 0.619547 0.015125 0.029630
0 0.209687 0.727984 0.017275 0.033169
0 0.334613 0.681173 0.013675 0.034362
0 0.472850 0.751687 0.016550 0.033169
0 0.197800 0.806811 0.018000 0.034362
0 0.383575 0.817469 0.016550 0.036749
0 0.444050 0.840576 0.019450 0.035556
0 0.391137 0.961481 0.024475 0.035556
0 0.325613 0.773601 0.020175 0.034362
0 0.139137 0.888580 0.017275 0.034362
0 0.167575 0.947243 0.016550 0.030782
0 0.202850 0.873745 0.016550 0.035556
0 0.252175 0.870802 0.014400 0.039136
0 0.322725 0.924115 0.021600 0.029630
0 0.337138 0.973313 0.018725 0.028436
0 0.929825 0.932778 0.025200 0.040288
0 0.566588 0.839136 0.018725 0.035556
0 0.885200 0.832634 0.019450 0.034403
0 0.667037 0.752634 0.022325 0.028477
0 0.757038 0.807160 0.026625 0.033169
0 0.711312 0.885370 0.015825 0.030823
0 0.864675 0.725967 0.020150 0.036708
0 0.984912 0.658416 0.025925 0.036749
0 0.806000 0.517366 0.023750 0.043868
0 0.930550 0.483004 0.026650 0.034403
0 0.432313 0.434403 0.019425 0.029630
0 0.515825 0.506708 0.018000 0.027243
0 0.556875 0.395309 0.028100 0.041481
0 0.487387 0.397654 0.025925 0.029630
0 0.680362 0.363292 0.024475 0.041481
0 0.854237 0.257222 0.042475 0.056914
0 0.649025 0.259588 0.025200 0.045021
0 0.529162 0.320041 0.018725 0.037942
0 0.981712 0.120412 0.024475 0.039095
0 0.606163 0.159280 0.020175 0.026049
0 0.466800 0.137181 0.018000 0.034362
0 0.331450 0.090350 0.023750 0.037901
