0 0.338162 0.613025 0.022475 0.022757
0 0.342925 0.686276 0.027650 0.024156
0 0.443137 0.763786 0.024175 0.036955
0 0.511400 0.752428 0.019000 0.031276
0 0.276812 0.556152 0.022475 0.022757
0 0.317000 0.543333 0.021600 0.025597
0 0.425425 0.655000 0.025900 0.018477
0 0.386975 0.584609 0.026800 0.025597
0 0.554163 0.582449 0.029375 0.032716
0 0.602988 0.627963 0.019875 0.044074
0 0.358900 0.466543 0.036300 0.034156
0 0.294525 0.414630 0.030250 0.058313
0 0.420675 0.516317 0.028500 0.028436
0 0.445288 0.444506 0.029375 0.038395
0 0.342488 0.310103 0.029375 0.025638
0 0.403475 0.383272 0.026650 0.028436
0 0.438950 0.311461 0.025200 0.048601
0 0.409062 0.229074 0.020175 0.049753
0 0.446500 0.124198 0.020150 0.055720
0 0.540825 0.062551 0.020150 0.041481
0 0.591575 0.471461 0.023750 0.046214
0 0.550187 0.408621 0.024475 0.048601
0 0.598775 0.365370 0.019450 0.061605
0 0.692375 0.320926 0.016550 0.048601
0 0.749613 0.355885 0.017275 0.049794
0 0.766900 0.536646 0.018700 0.048601
0 0.255225 0.912469 0.009600 0.029630
0 0.265125 0.913457 0.011400 0.027654
0 0.291525 0.926790 0.015000 0.040494
0 0.579950 0.946831 0.018150 0.041235
0 0.202512 0.693395 0.026775 0.046955
0 0.247437 0.642202 0.023325 0.024156
0 0.264300 0.743889 0.027650 0.048354
0 0.313550 0.781564 0.015550 0.029877
0 0.361500 0.755967 0.025050 0.024198
0 0.285025 0.635082 0.024200 0.024156
0 0.206325 0.894198 0.010200 0.024691
0 0.222225 0.900617 0.012000 0.027654
0 0.245887 0.915926 0.010275 0.042469
0 0.199725 0.819136 0.017400 0.054321
0 0.214125 0.828519 0.012600 0.041481
0 0.269025 0.844815 0.015600 0.044444
0 0.317625 0.861605 0.015600 0.042469
0 0.150825 0.875926 0.013200 0.031605
0 0.160125 0.882346 0.013800 0.030617
0 0.196425 0.894198 0.012000 0.030617
0 0.091350 0.588045 0.022650 0.053621
0 0.069400 0.652058 0.032550 0.065432
0 0.048075 0.723128 0.022000 0.054321
0 0.159825 0.794444 0.027600 0.050370
0 0.183225 0.811728 0.020400 0.051358
